21.033562 	 797928 
21.054863 	 802139 
21.055325 	 787470 
21.076195 	 802388 
21.076658 	 787470 
21.077120 	 952431 
21.097528 	 802388 
21.097992 	 787470 
21.098454 	 952431 
21.118862 	 802388 
21.119324 	 787710 
21.119787 	 952431 
21.120249 	 952431 
21.120712 	 952431 
21.121174 	 932394 
21.140196 	 802388 
21.140657 	 787710 
21.141121 	 952431 
21.141582 	 952431 
21.142046 	 952090 
21.142508 	 932067 
21.144705 	 1156804 
21.145166 	 1156804 
21.145630 	 1156804 
21.161530 	 802139 
21.161991 	 787470 
21.162455 	 952090 
21.162916 	 952431 
21.163378 	 952431 
21.163841 	 932067 
21.166039 	 1156804 
21.166500 	 1156804 
21.166962 	 1157294 
21.169159 	 1154662 
21.169622 	 1154161 
21.204283 	 707085 
21.225992 	 1271973 
21.247787 	 697352 
21.269583 	 686057 
21.274609 	 1111236 
21.275070 	 1111700 
21.275534 	 1111236 
21.278862 	 875308 
21.279325 	 924505 
21.289530 	 825578 
21.289991 	 810481 
21.290453 	 833745 
21.290916 	 833491 
21.295788 	 1150168 
21.296249 	 1150665 
21.300196 	 825835 
21.300657 	 810728 
21.310862 	 825835 
21.311325 	 810481 
21.311787 	 833491 
21.312250 	 833491 
21.312712 	 833491 
21.317568 	 1154161 
21.318029 	 1154662 
21.321529 	 890552 
21.321991 	 873010 
21.332195 	 825835 
21.332659 	 810481 
21.333120 	 833491 
21.333582 	 833745 
21.335779 	 1154662 
21.336243 	 1124868 
21.339363 	 1154662 
21.339827 	 1124868 
21.342863 	 969092 
21.343325 	 948355 
21.353529 	 875308 
21.353991 	 900160 
21.354454 	 899863 
21.354916 	 900160 
21.357113 	 1154161 
21.357574 	 1125344 
21.360697 	 1154662 
21.361158 	 1125344 
21.361622 	 1156804 
21.364195 	 1038339 
21.364658 	 1067402 
21.374863 	 978070 
21.375324 	 978070 
21.375788 	 978070 
21.376249 	 978070 
21.378447 	 1154161 
21.378908 	 1124868 
21.382030 	 1154161 
21.382492 	 1124868 
21.385529 	 969445 
21.385992 	 948355 
21.396196 	 1070746 
21.396658 	 1071165 
21.397120 	 1071165 
21.397583 	 1070746 
21.399780 	 1154161 
21.400242 	 1124868 
21.400415 	 1236295 
21.406862 	 847685 
21.407324 	 847685 
21.407787 	 847685 
21.408134 	 847685 
21.417528 	 978070 
21.417992 	 978070 
21.418453 	 978070 
21.418800 	 999885 
21.428196 	 717729 
21.428658 	 717729 
21.429121 	 717536 
21.429468 	 717536 
21.438862 	 978070 
21.439325 	 978070 
21.439787 	 978070 
21.440134 	 999885 
21.449530 	 767885 
21.449991 	 767885 
21.450453 	 754808 
21.450800 	 789915 
21.460196 	 978070 
21.460657 	 978420 
21.461121 	 978070 
21.461468 	 999519 
21.470861 	 816716 
21.471325 	 801532 
21.471786 	 824794 
21.472134 	 840163 
21.481529 	 1011625 
21.481991 	 988405 
21.482454 	 1017287 
21.482801 	 1041185 
21.492195 	 802388 
21.492659 	 787470 
21.493120 	 952431 
21.493467 	 973348 
21.502863 	 802139 
21.503325 	 787470 
21.503786 	 952431 
21.504135 	 973348 
21.513529 	 802388 
21.513990 	 787710 
21.514454 	 952431 
21.514801 	 973348 
21.524195 	 802388 
21.524658 	 787470 
21.525120 	 952431 
21.525467 	 973705 
21.534863 	 802139 
21.535324 	 787710 
21.535788 	 952431 
21.536135 	 973348 
21.545528 	 802388 
21.545992 	 787470 
21.546453 	 952431 
21.546801 	 973348 
21.556196 	 802139 
21.556658 	 787470 
21.557119 	 952431 
21.557468 	 973348 
21.566862 	 802388 
21.567324 	 787710 
21.567787 	 952431 
21.568134 	 973348 
21.577528 	 802388 
21.577991 	 787470 
21.578453 	 952431 
21.578800 	 973705 
21.588196 	 802388 
21.588657 	 787710 
21.589121 	 952431 
21.589468 	 973348 
21.598862 	 802388 
21.599325 	 787470 
21.599787 	 952431 
21.600134 	 973348 
21.609529 	 802139 
21.609991 	 787470 
21.610455 	 952090 
21.610802 	 973348 
21.620195 	 802388 
21.620657 	 787710 
21.621120 	 952431 
21.621468 	 973348 
21.630861 	 802388 
21.631325 	 787470 
21.631786 	 952431 
21.632133 	 973705 
21.641529 	 802388 
21.641991 	 787710 
21.642454 	 952431 
21.642801 	 973348 
21.652195 	 802388 
21.652658 	 787470 
21.653120 	 952431 
21.653467 	 973348 
21.662863 	 802139 
21.663324 	 787470 
21.663788 	 952090 
21.664135 	 973348 
21.673529 	 802388 
21.673992 	 787470 
21.674454 	 952431 
21.674801 	 973348 
21.684195 	 802388 
21.684658 	 787470 
21.685120 	 952431 
21.685467 	 973705 
21.694862 	 802388 
21.695324 	 787710 
21.695787 	 952431 
21.696135 	 973348 
21.705528 	 802388 
21.705992 	 787470 
21.706453 	 952431 
21.706800 	 973348 
21.716196 	 802139 
21.716658 	 787470 
21.717121 	 952090 
21.717468 	 973348 
21.726862 	 802388 
21.727325 	 787470 
21.727787 	 952431 
21.728134 	 973348 
21.737530 	 802139 
21.737991 	 787470 
21.738453 	 952431 
21.738800 	 973705 
21.748196 	 802388 
21.748657 	 787710 
21.749121 	 952431 
21.749468 	 973348 
21.758862 	 802388 
21.759325 	 787470 
21.759787 	 952431 
21.760134 	 973348 
21.769529 	 802139 
21.769991 	 787470 
21.770454 	 952090 
21.770802 	 973348 
21.780195 	 802388 
21.780659 	 787470 
21.781120 	 952431 
21.781467 	 973348 
21.790863 	 802139 
21.791325 	 787470 
21.791786 	 952431 
21.792133 	 973705 
21.801529 	 802388 
21.801991 	 787710 
21.802454 	 952431 
21.802801 	 973348 
21.812195 	 802388 
21.812658 	 787470 
21.813120 	 952431 
21.813467 	 973705 
21.822863 	 802139 
21.823324 	 787470 
21.823788 	 952090 
21.824135 	 973348 
21.833529 	 802388 
21.833992 	 787470 
21.834454 	 952431 
21.834801 	 973348 
21.844196 	 802139 
21.844658 	 787470 
21.845119 	 952431 
21.845467 	 973705 
21.854862 	 802388 
21.855324 	 787710 
21.855787 	 952431 
21.856134 	 973348 
21.865528 	 802388 
21.865992 	 787470 
21.866453 	 952431 
21.866800 	 973705 
21.876196 	 802139 
21.876657 	 787470 
21.877121 	 952431 
21.877468 	 973348 
21.886862 	 802388 
21.887325 	 787470 
21.887787 	 952431 
21.888134 	 973348 
21.897530 	 802139 
21.897991 	 787470 
21.898453 	 952431 
21.898800 	 973705 
21.908195 	 802388 
21.908657 	 787710 
21.909121 	 952431 
21.909468 	 973348 
21.918861 	 802388 
21.919325 	 787470 
21.919786 	 952431 
21.920134 	 973705 
21.929529 	 802139 
21.929991 	 787710 
21.930454 	 952431 
21.930801 	 973348 
21.940195 	 802388 
21.940659 	 787470 
21.941120 	 952431 
21.941467 	 973348 
21.950863 	 802139 
21.951324 	 787470 
21.951786 	 952431 
21.952135 	 973348 
21.961529 	 802388 
21.961990 	 787710 
21.962454 	 952431 
21.962801 	 973348 
21.972195 	 802388 
21.972658 	 787470 
21.973120 	 952431 
21.973467 	 973705 
21.982862 	 802139 
21.983324 	 787710 
21.983788 	 952431 
21.984135 	 973348 
21.993528 	 802388 
21.993992 	 787470 
21.994453 	 952431 
21.994801 	 973348 
22.004196 	 802139 
22.004658 	 787470 
22.005121 	 952090 
22.005468 	 973348 
22.014862 	 802388 
22.015324 	 787710 
22.015787 	 952431 
22.016134 	 973348 
22.025528 	 802388 
22.025991 	 787470 
22.026453 	 952431 
22.026800 	 973705 
22.036196 	 802388 
22.036657 	 787710 
22.037121 	 952431 
22.037468 	 973348 
22.046862 	 802388 
22.047325 	 787470 
22.047787 	 952431 
22.048134 	 973348 
22.057529 	 802139 
22.057991 	 787470 
22.058455 	 952090 
22.058802 	 973348 
22.068195 	 802388 
22.068659 	 787470 
22.069120 	 952431 
22.069468 	 973348 
22.078861 	 802388 
22.079325 	 787470 
22.079786 	 952431 
22.080133 	 973705 
22.089529 	 802388 
22.089991 	 787710 
22.090454 	 952431 
22.090801 	 973348 
22.100195 	 802388 
22.100658 	 787470 
22.101120 	 952431 
22.101467 	 973348 
22.110863 	 802139 
22.111324 	 787470 
22.111788 	 952090 
22.112135 	 973348 
22.121529 	 802388 
22.121992 	 787470 
22.122454 	 952431 
22.122801 	 973348 
22.132196 	 802139 
22.132658 	 787470 
22.133120 	 952431 
22.133467 	 973705 
22.142862 	 802388 
22.143324 	 787710 
22.143787 	 952431 
22.144135 	 973348 
22.153528 	 802388 
22.153992 	 787470 
22.154453 	 952431 
22.154800 	 973348 
22.164196 	 802139 
22.164658 	 787470 
22.165121 	 952090 
22.165468 	 973348 
22.174862 	 802388 
22.175325 	 787470 
22.175787 	 952431 
22.176134 	 973348 
22.185530 	 802139 
22.185991 	 787470 
22.186453 	 952431 
22.186800 	 973705 
22.196196 	 802388 
22.196657 	 787710 
22.197121 	 952431 
22.197468 	 973348 
22.206861 	 802388 
22.207325 	 787470 
22.207787 	 952431 
22.208134 	 973705 
22.217529 	 802139 
22.217991 	 787470 
22.218454 	 952090 
22.218801 	 973348 
22.228195 	 802388 
22.228659 	 787470 
22.229120 	 952431 
22.229467 	 973348 
22.238863 	 802139 
22.239325 	 787470 
22.239786 	 952431 
22.240133 	 973705 
22.249529 	 802388 
22.249990 	 787710 
22.250454 	 952431 
22.250801 	 973348 
22.260195 	 802388 
22.260658 	 787470 
22.261120 	 952431 
22.261467 	 973705 
22.270863 	 802139 
22.271324 	 787470 
22.271788 	 952431 
22.272135 	 973348 
22.281528 	 802388 
22.281992 	 787470 
22.282454 	 952431 
22.282801 	 973348 
22.292196 	 802139 
22.292658 	 787470 
22.293119 	 952431 
22.293467 	 973705 
22.302862 	 802388 
22.303324 	 787710 
22.303787 	 952431 
22.304134 	 973348 
22.313528 	 802388 
22.313992 	 787470 
22.314453 	 952431 
22.314800 	 973705 
22.324196 	 802139 
22.324657 	 787470 
22.325121 	 952431 
22.325468 	 973348 
22.334862 	 802388 
22.335325 	 787470 
22.335787 	 952431 
22.336134 	 973348 
22.345530 	 802139 
22.345991 	 787470 
22.346453 	 952431 
22.346800 	 973705 
22.356195 	 802388 
22.356657 	 787710 
22.357121 	 952431 
22.357468 	 973348 
22.366861 	 802388 
22.367325 	 787470 
22.367786 	 952431 
22.368134 	 973705 
22.377529 	 802139 
22.377991 	 787710 
22.378454 	 952431 
22.378801 	 973348 
22.388195 	 802388 
22.388659 	 787470 
22.389120 	 952431 
22.389467 	 973348 
22.398863 	 802139 
22.399324 	 787470 
22.399786 	 952431 
22.400135 	 973348 
22.409529 	 802388 
22.409990 	 787710 
22.410454 	 952431 
22.410801 	 973348 
22.420195 	 802388 
22.420658 	 787470 
22.421120 	 952431 
22.421467 	 973705 
22.430862 	 802388 
22.431324 	 787710 
22.431787 	 952431 
22.432135 	 973348 
22.441528 	 802388 
22.441992 	 787470 
22.442453 	 952431 
22.442801 	 973348 
22.452196 	 802139 
22.452658 	 787470 
22.453121 	 952090 
22.453468 	 973348 
22.462862 	 802388 
22.463324 	 787710 
22.463787 	 952431 
22.464134 	 973348 
22.473528 	 802388 
22.473991 	 787470 
22.474453 	 952431 
22.474800 	 973705 
22.484196 	 802388 
22.484657 	 787710 
22.485121 	 952431 
22.485468 	 973348 
22.494862 	 802388 
22.495325 	 787470 
22.495787 	 952431 
22.496134 	 973348 
22.505529 	 802139 
22.505991 	 787470 
22.506454 	 952090 
22.506802 	 973348 
22.516195 	 802388 
22.516659 	 787470 
22.517120 	 952431 
22.517467 	 973348 
22.526861 	 802388 
22.527325 	 787470 
22.527786 	 952431 
22.528133 	 973705 
22.537529 	 802388 
22.537991 	 787710 
22.538454 	 952431 
22.538801 	 973348 
22.548195 	 802388 
22.548658 	 787470 
22.549120 	 952431 
22.549467 	 973348 
22.558863 	 802139 
22.559324 	 787470 
22.559788 	 952090 
22.560135 	 973348 
22.569529 	 802388 
22.569992 	 787470 
22.570454 	 952431 
22.570801 	 973348 
22.580196 	 802139 
22.580658 	 787470 
22.581120 	 952431 
22.581467 	 973705 
22.590862 	 802388 
22.591324 	 787710 
22.591787 	 952431 
22.592134 	 973348 
22.601528 	 802388 
22.601992 	 787470 
22.602453 	 952431 
22.602800 	 973348 
22.612196 	 802139 
22.612658 	 787470 
22.613121 	 952090 
22.613468 	 973348 
22.622862 	 802388 
22.623325 	 787470 
22.623787 	 952431 
22.624134 	 973348 
22.633530 	 802139 
22.633991 	 787470 
22.634453 	 952431 
22.634800 	 973705 
22.644196 	 802388 
22.644657 	 787710 
22.645121 	 952431 
22.645468 	 973348 
22.654861 	 802388 
22.655325 	 787470 
22.655787 	 952431 
22.656134 	 973705 
22.665529 	 802139 
22.665991 	 787470 
22.666454 	 952090 
22.666801 	 973348 
22.676195 	 802388 
22.676659 	 787470 
22.677120 	 952431 
22.677467 	 973348 
22.686863 	 802139 
22.687325 	 787470 
22.687786 	 952431 
22.688133 	 973705 
22.697529 	 802388 
22.697990 	 787710 
22.698454 	 952431 
22.698801 	 973348 
22.708195 	 802388 
22.708658 	 787470 
22.709120 	 952431 
22.709467 	 973705 
22.718863 	 802139 
22.719324 	 787470 
22.719788 	 952431 
22.720135 	 973348 
22.729528 	 802388 
22.729992 	 787470 
22.730453 	 952431 
22.730801 	 973348 
22.740196 	 802139 
22.740658 	 787470 
22.741119 	 952431 
22.741467 	 973705 
22.750862 	 802388 
22.751324 	 787710 
22.751787 	 952431 
22.752134 	 973348 
22.761528 	 802388 
22.761992 	 787470 
22.762453 	 952431 
22.762800 	 973705 
22.772196 	 802139 
22.772657 	 787470 
22.773121 	 952431 
22.773468 	 973348 
22.782862 	 802388 
22.783325 	 787470 
22.783787 	 952431 
22.784134 	 973348 
22.793530 	 802139 
22.793991 	 787470 
22.794453 	 952431 
22.794802 	 973348 
22.804195 	 802388 
22.804657 	 787710 
22.805120 	 952431 
22.805468 	 973348 
22.814861 	 802388 
22.815325 	 787470 
22.815786 	 952431 
22.816133 	 973705 
22.825529 	 802139 
22.825991 	 787710 
22.826454 	 952431 
22.826801 	 973348 
22.836195 	 802388 
22.836658 	 787470 
22.837120 	 952431 
22.837467 	 973348 
22.846863 	 802139 
22.847324 	 787470 
22.847786 	 952431 
22.848135 	 973348 
22.857529 	 802388 
22.857990 	 787710 
22.858454 	 952431 
22.858801 	 973348 
22.868195 	 802388 
22.868658 	 787470 
22.869120 	 952431 
22.869467 	 973705 
22.878862 	 802388 
22.879324 	 787710 
22.879787 	 952431 
22.880135 	 973348 
22.889528 	 802388 
22.889992 	 787470 
22.890453 	 952431 
22.890800 	 973348 
22.900196 	 802139 
22.900658 	 787470 
22.901121 	 952090 
22.901468 	 973348 
22.910862 	 802388 
22.911324 	 787710 
22.911787 	 952431 
22.912134 	 973348 
22.921528 	 802388 
22.921991 	 787470 
22.922453 	 952431 
22.922800 	 973705 
22.932196 	 802388 
22.932657 	 787710 
22.933121 	 952431 
22.933468 	 973348 
22.942862 	 802388 
22.943325 	 787470 
22.943787 	 952431 
22.944134 	 973348 
22.953529 	 802139 
22.953991 	 787470 
22.954454 	 952090 
22.954802 	 973348 
22.964195 	 802388 
22.964659 	 787470 
22.965120 	 952431 
22.965467 	 973348 
22.974861 	 802388 
22.975325 	 787470 
22.975786 	 952431 
22.976133 	 973705 
22.985529 	 802388 
22.985991 	 787710 
22.986454 	 952431 
22.986801 	 973348 
22.996195 	 802388 
22.996658 	 787470 
22.997120 	 952431 
22.997467 	 973348 
23.006863 	 802139 
23.007324 	 787470 
23.007788 	 952090 
23.008135 	 973348 
23.017529 	 802388 
23.017992 	 787470 
23.018454 	 952431 
23.018801 	 973348 
23.028196 	 802139 
23.028658 	 787470 
23.029119 	 952431 
23.029467 	 973705 
23.038862 	 802388 
23.039324 	 787710 
23.039787 	 952431 
23.040134 	 973348 
23.049528 	 802388 
23.049992 	 787470 
23.050453 	 952431 
23.050800 	 973705 
23.060196 	 802139 
23.060658 	 787470 
23.061121 	 952090 
23.061468 	 973348 
23.070862 	 802388 
23.071325 	 787470 
23.071787 	 952431 
23.072134 	 973348 
23.081530 	 802139 
23.081991 	 787470 
23.082453 	 952431 
23.082800 	 973705 
23.092196 	 802388 
23.092657 	 787710 
23.093121 	 952431 
23.093468 	 973348 
23.102861 	 802388 
23.103325 	 787470 
23.103786 	 952431 
23.104134 	 973705 
23.113529 	 802139 
23.113991 	 787470 
23.114454 	 952090 
23.114801 	 973348 
23.124195 	 802388 
23.124659 	 787470 
23.125120 	 952431 
23.125467 	 973348 
23.134863 	 802139 
23.135324 	 787470 
23.135786 	 952431 
23.136133 	 973705 
23.145529 	 802388 
23.145990 	 787710 
23.146454 	 952431 
23.146801 	 973348 
23.156195 	 802388 
23.156658 	 787470 
23.157120 	 952431 
23.157467 	 973705 
23.166862 	 802139 
23.167324 	 787470 
23.167788 	 952431 
23.168135 	 973348 
23.177528 	 802388 
23.177992 	 787470 
23.178453 	 952431 
23.178801 	 973348 
23.188196 	 802139 
23.188658 	 787470 
23.189119 	 952431 
23.189466 	 973705 
23.198862 	 802388 
23.199324 	 787710 
23.199787 	 952431 
23.200134 	 973348 
23.209528 	 802388 
23.209991 	 787470 
23.210453 	 952431 
23.210800 	 973705 
23.220196 	 802139 
23.220657 	 787710 
23.221121 	 952431 
23.221468 	 973348 
23.230862 	 802388 
23.231325 	 787470 
23.231787 	 952431 
23.232134 	 973348 
23.241529 	 802139 
23.241991 	 787470 
23.242453 	 952431 
23.242802 	 973348 
23.252195 	 802388 
23.252657 	 787710 
23.253120 	 952431 
23.253468 	 973348 
23.262861 	 802388 
23.263325 	 787470 
23.263786 	 952431 
23.264133 	 973705 
23.273529 	 802139 
23.273991 	 787710 
23.274454 	 952431 
23.274801 	 973348 
23.284195 	 802388 
23.284658 	 787470 
23.285120 	 952431 
23.285467 	 973348 
23.294863 	 802139 
23.295324 	 787470 
23.295788 	 952090 
23.296135 	 973348 
23.305529 	 802388 
23.305990 	 787710 
23.306454 	 952431 
23.306801 	 973348 
23.316195 	 802388 
23.316658 	 787470 
23.317120 	 952431 
23.317467 	 973705 
23.326862 	 802388 
23.327324 	 787710 
23.327787 	 952431 
23.328135 	 973348 
23.337528 	 802388 
23.337992 	 787470 
23.338453 	 952431 
23.338800 	 973348 
23.348196 	 802139 
23.348658 	 787470 
23.349121 	 952090 
23.349468 	 973348 
23.358862 	 802388 
23.359325 	 787470 
23.359787 	 952431 
23.360134 	 973348 
23.369528 	 802388 
23.369991 	 787470 
23.370453 	 952431 
23.370800 	 973705 
23.380196 	 802388 
23.380657 	 787710 
23.381121 	 952431 
23.381468 	 973348 
23.390862 	 802388 
23.391325 	 787470 
23.391787 	 952431 
23.392134 	 973348 
23.401529 	 802139 
23.401991 	 787470 
23.402454 	 952090 
23.402802 	 973348 
23.412195 	 802388 
23.412659 	 787470 
23.413120 	 952431 
23.413467 	 973348 
23.422863 	 802139 
23.423325 	 787470 
23.423786 	 952431 
23.424133 	 973705 
23.433529 	 802388 
23.433990 	 787710 
23.434454 	 952431 
23.434801 	 973348 
23.444195 	 802388 
23.444658 	 787470 
23.445120 	 952431 
23.445467 	 973348 
23.454863 	 802139 
23.455324 	 787470 
23.455788 	 952090 
23.456135 	 973348 
23.465528 	 802388 
23.465992 	 787470 
23.466454 	 952431 
23.466801 	 973348 
23.476196 	 802139 
23.476658 	 787470 
23.477119 	 952431 
23.477467 	 973705 
23.486862 	 802388 
23.487324 	 787710 
23.487787 	 952431 
23.488134 	 973348 
23.497528 	 802388 
23.497992 	 787470 
23.498453 	 952431 
23.498800 	 973705 
23.508196 	 802139 
23.508657 	 787470 
23.509121 	 952090 
23.509468 	 973348 
23.518862 	 802388 
23.519325 	 787470 
23.519787 	 952431 
23.520134 	 973348 
23.529530 	 802139 
23.529991 	 787470 
23.530453 	 952431 
23.530800 	 973705 
23.540195 	 802388 
23.540657 	 787710 
23.541121 	 952431 
23.541468 	 973348 
23.550861 	 802388 
23.551325 	 787470 
23.551786 	 952431 
23.552134 	 973705 
23.561529 	 802139 
23.561991 	 787470 
23.562454 	 952431 
23.562801 	 973348 
23.572195 	 802388 
23.572659 	 787470 
23.573120 	 952431 
23.573467 	 973348 
23.582863 	 802139 
23.583324 	 787470 
23.583786 	 952431 
23.584133 	 973705 
23.593529 	 802388 
23.593990 	 787710 
23.594454 	 952431 
23.594801 	 973348 
23.604195 	 802388 
23.604658 	 787470 
23.605120 	 952431 
23.605467 	 973705 
23.614862 	 802139 
23.615324 	 787470 
23.615788 	 952431 
23.616135 	 973348 
23.625528 	 802388 
23.625992 	 787470 
23.626453 	 952431 
23.626801 	 973348 
23.636196 	 802139 
23.636658 	 787470 
23.637119 	 952431 
23.637466 	 973705 
23.646862 	 802388 
23.647324 	 787710 
23.647787 	 952431 
23.648134 	 973348 
23.657528 	 802388 
23.657991 	 787470 
23.658453 	 952431 
23.658800 	 973705 
23.668196 	 802139 
23.668657 	 787710 
23.669121 	 952431 
23.669468 	 973348 
23.678862 	 802388 
23.679325 	 787470 
23.679787 	 952431 
23.680134 	 973348 
23.689529 	 802139 
23.689991 	 787470 
23.690453 	 952431 
23.690802 	 973348 
23.700195 	 802388 
23.700657 	 787710 
23.701120 	 952431 
23.701468 	 973348 
23.710861 	 802388 
23.711325 	 787470 
23.711786 	 952431 
23.712133 	 973705 
23.721529 	 802388 
23.721991 	 787710 
23.722454 	 952431 
23.722801 	 973348 
23.732195 	 802388 
23.732658 	 787470 
23.733120 	 952431 
23.733467 	 973348 
23.742863 	 802139 
23.743324 	 787470 
23.743788 	 952090 
23.744135 	 973348 
23.753529 	 802388 
23.753990 	 787710 
23.754454 	 952431 
23.754801 	 973348 
23.764194 	 802388 
23.764658 	 787470 
23.765120 	 952431 
23.765467 	 973705 
23.774862 	 802388 
23.775324 	 787710 
23.775787 	 952431 
23.776134 	 973348 
23.785528 	 802388 
23.785992 	 787470 
23.786453 	 952431 
23.786800 	 973348 
23.796196 	 802139 
23.796658 	 787470 
23.797121 	 952090 
23.797468 	 973348 
23.806862 	 802388 
23.807325 	 787470 
23.807787 	 952431 
23.808134 	 973348 
23.817528 	 802388 
23.817991 	 787470 
23.818453 	 952431 
23.818800 	 973705 
23.828196 	 802388 
23.828657 	 787710 
23.829121 	 952431 
23.829468 	 973348 
23.838861 	 802388 
23.839325 	 787470 
23.839787 	 952431 
23.840134 	 973348 
23.849529 	 802139 
23.849991 	 787470 
23.850454 	 952090 
23.850801 	 973348 
23.860195 	 802388 
23.860659 	 787470 
23.861120 	 952431 
23.861467 	 973348 
23.870863 	 802139 
23.871325 	 787470 
23.871786 	 952431 
23.872133 	 973705 
23.881529 	 802388 
23.881990 	 787710 
23.882454 	 952431 
23.882801 	 973348 
23.892195 	 802388 
23.892658 	 787470 
23.893120 	 952431 
23.893467 	 973348 
23.902863 	 802139 
23.903324 	 787470 
23.903788 	 952090 
23.904135 	 973348 
23.913528 	 802388 
23.913992 	 787470 
23.914454 	 952431 
23.914801 	 973348 
23.924196 	 802139 
23.924658 	 787470 
23.925119 	 952431 
23.925467 	 973705 
23.934862 	 802388 
23.935324 	 787710 
23.935787 	 952431 
23.936134 	 973348 
23.945528 	 802388 
23.945992 	 787470 
23.946453 	 952431 
23.946800 	 973705 
23.956196 	 802139 
23.956657 	 787470 
23.957121 	 952090 
23.957468 	 973348 
23.966862 	 802388 
23.967325 	 787470 
23.967787 	 952431 
23.968134 	 973348 
23.977530 	 802139 
23.977991 	 787470 
23.978453 	 952431 
23.978800 	 973705 
23.988195 	 802388 
23.988657 	 787710 
23.989120 	 952431 
23.989468 	 973348 
23.998861 	 802388 
23.999325 	 787470 
23.999786 	 952431 
24.000134 	 973705 
24.009529 	 802139 
24.009991 	 787470 
24.010454 	 952431 
24.010801 	 973348 
24.020195 	 802388 
24.020658 	 787470 
24.021120 	 952431 
24.021467 	 973348 
24.030863 	 802139 
24.031324 	 787470 
24.031786 	 952431 
24.032133 	 973705 
24.041529 	 802388 
24.041990 	 787710 
24.042454 	 952431 
24.042801 	 973348 
24.052195 	 802388 
24.052658 	 787470 
24.053120 	 952431 
24.053467 	 973705 
24.062862 	 802139 
24.063324 	 787470 
24.063787 	 952431 
24.064135 	 973348 
24.073528 	 802388 
24.073992 	 787470 
24.074453 	 952431 
24.074800 	 973348 
24.084196 	 802139 
24.084658 	 787470 
24.085119 	 952431 
24.085468 	 973348 
24.094862 	 802388 
24.095324 	 787710 
24.095787 	 952431 
24.096134 	 973348 
24.105528 	 802388 
24.105991 	 787470 
24.106453 	 952431 
24.106800 	 973705 
24.116196 	 802139 
24.116657 	 787710 
24.117121 	 952431 
24.117468 	 973348 
24.126862 	 802388 
24.127325 	 787470 
24.127787 	 952431 
24.128134 	 973348 
24.137529 	 802139 
24.137991 	 787470 
24.138454 	 952090 
24.138802 	 973348 
24.148195 	 802388 
24.148657 	 787710 
24.149120 	 952431 
24.149467 	 973348 
24.158861 	 802388 
24.159325 	 787470 
24.159786 	 952431 
24.160133 	 973705 
24.169529 	 802388 
24.169991 	 787710 
24.170454 	 952431 
24.170801 	 973348 
24.180195 	 802388 
24.180658 	 787470 
24.181120 	 952431 
24.181467 	 973348 
24.190863 	 802139 
24.191324 	 787470 
24.191788 	 952090 
24.192135 	 973348 
24.201529 	 802388 
24.201992 	 787470 
24.202454 	 952431 
24.202801 	 973348 
24.212194 	 802388 
24.212658 	 787470 
24.213120 	 952431 
24.213467 	 973705 
24.222862 	 802388 
24.223324 	 787710 
24.223787 	 952431 
24.224134 	 973348 
24.233528 	 802388 
24.233992 	 787470 
24.234453 	 952431 
24.234800 	 973348 
24.244196 	 802139 
24.244658 	 787470 
24.245121 	 952090 
24.245468 	 973348 
24.254862 	 802388 
24.255325 	 787470 
24.255787 	 952431 
24.256134 	 973348 
24.265530 	 802139 
24.265991 	 787470 
24.266453 	 952431 
24.266800 	 973705 
24.276196 	 802388 
24.276657 	 787710 
24.277121 	 952431 
24.277468 	 973348 
24.286861 	 802388 
24.287325 	 787470 
24.287786 	 952431 
24.288134 	 973348 
24.297529 	 802139 
24.297991 	 787470 
24.298454 	 952090 
24.298801 	 973348 
24.308195 	 802388 
24.308659 	 787470 
24.309120 	 952431 
24.309467 	 973348 
24.318863 	 802139 
24.319324 	 787470 
24.319786 	 952431 
24.320133 	 973705 
24.329529 	 802388 
24.329990 	 787710 
24.330454 	 952431 
24.330801 	 973348 
24.340195 	 802388 
24.340658 	 787470 
24.341120 	 952431 
24.341467 	 973705 
24.350863 	 802139 
24.351324 	 787470 
24.351788 	 952090 
24.352135 	 973348 
24.361528 	 802388 
24.361992 	 787470 
24.362453 	 952431 
24.362801 	 973348 
24.372196 	 802139 
24.372658 	 787470 
24.373119 	 952431 
24.373466 	 973705 
24.382862 	 802388 
24.383324 	 787710 
24.383787 	 952431 
24.384134 	 973348 
24.393528 	 802388 
24.393991 	 787470 
24.394453 	 952431 
24.394800 	 973705 
24.404196 	 802139 
24.404657 	 787470 
24.405121 	 952431 
24.405468 	 973348 
24.414862 	 802388 
24.415325 	 787470 
24.415787 	 952431 
24.416134 	 973348 
24.425529 	 802139 
24.425991 	 787470 
24.426453 	 952431 
24.426800 	 973705 
24.436195 	 802388 
24.436657 	 787710 
24.437120 	 952431 
24.437468 	 973348 
24.446861 	 802388 
24.447325 	 787470 
24.447786 	 952431 
24.448133 	 973705 
24.457529 	 802139 
24.457991 	 787470 
24.458454 	 952431 
24.458801 	 973348 
24.468195 	 802388 
24.468658 	 787470 
24.469120 	 952431 
24.469467 	 973348 
24.478863 	 802139 
24.479324 	 787470 
24.479786 	 952431 
24.480133 	 973705 
24.489529 	 802388 
24.489990 	 787710 
24.490454 	 952431 
24.490801 	 973348 
24.500195 	 802388 
24.500658 	 787470 
24.501120 	 952431 
24.501467 	 973705 
24.510862 	 802139 
24.511324 	 787710 
24.511787 	 952431 
24.512135 	 973348 
24.521528 	 802388 
24.521992 	 787470 
24.522453 	 952431 
24.522800 	 973348 
24.532196 	 802139 
24.532658 	 787470 
24.533119 	 952431 
24.533468 	 973348 
24.542862 	 802388 
24.543324 	 787710 
24.543787 	 952431 
24.544134 	 973348 
24.553528 	 802388 
24.553991 	 787470 
24.554453 	 952431 
24.554800 	 973705 
24.564196 	 802388 
24.564657 	 787710 
24.565121 	 952431 
24.565468 	 973348 
24.574862 	 802388 
24.575325 	 787470 
24.575787 	 952431 
24.576134 	 973348 
24.585529 	 802139 
24.585991 	 787470 
24.586454 	 952090 
24.586802 	 973348 
24.596195 	 802388 
24.596657 	 787710 
24.597120 	 952431 
24.597467 	 973348 
24.606861 	 802388 
24.607325 	 787470 
24.607786 	 952431 
24.608133 	 973705 
24.617529 	 802388 
24.617990 	 787710 
24.618454 	 952431 
24.618801 	 973348 
24.628195 	 802388 
24.628658 	 787470 
24.629120 	 952431 
24.629467 	 973348 
24.638863 	 802139 
24.639324 	 787470 
24.639788 	 952090 
24.640135 	 973348 
24.649529 	 802388 
24.649992 	 787470 
24.650454 	 952431 
24.650801 	 973348 
24.660194 	 802388 
24.660658 	 787470 
24.661119 	 952431 
24.661467 	 973705 
24.670862 	 802388 
24.671324 	 787710 
24.671787 	 952431 
24.672134 	 973348 
24.681528 	 802388 
24.681992 	 787470 
24.682453 	 952431 
24.682800 	 973348 
24.692196 	 802139 
24.692657 	 787470 
24.693121 	 952090 
24.693468 	 973348 
24.702862 	 802388 
24.703325 	 787470 
24.703787 	 952431 
24.704134 	 973348 
24.713530 	 802139 
24.713991 	 787470 
24.714453 	 952431 
24.714800 	 973705 
24.724195 	 802388 
24.724657 	 787710 
24.725121 	 952431 
24.725468 	 973348 
24.734861 	 802388 
24.735325 	 787470 
24.735786 	 952431 
24.736134 	 973348 
24.745529 	 802139 
24.745991 	 787470 
24.746454 	 952090 
24.746801 	 973348 
24.756195 	 802388 
24.756659 	 787470 
24.757120 	 952431 
24.757467 	 973348 
24.766863 	 802139 
24.767324 	 787470 
24.767786 	 952431 
24.768133 	 973705 
24.777529 	 802388 
24.777990 	 787710 
24.778454 	 952431 
24.778801 	 973348 
24.788195 	 802388 
24.788658 	 787470 
24.789120 	 952431 
24.789467 	 973705 
24.798862 	 802139 
24.799324 	 787470 
24.799788 	 952090 
24.800135 	 973348 
24.809528 	 802388 
24.809992 	 787470 
24.810453 	 952431 
24.810801 	 973348 
24.820196 	 802139 
24.820658 	 787470 
24.821119 	 952431 
24.821466 	 973705 
24.830862 	 802388 
24.831324 	 787710 
24.831787 	 952431 
24.832134 	 973348 
24.841528 	 802388 
24.841991 	 787470 
24.842453 	 952431 
24.842800 	 973705 
24.852196 	 802139 
24.852657 	 787470 
24.853121 	 952431 
24.853468 	 973348 
24.862862 	 802388 
24.863325 	 787470 
24.863787 	 952431 
24.864134 	 973348 
24.873529 	 802139 
24.873991 	 787470 
24.874453 	 952431 
24.874800 	 973705 
24.884195 	 802388 
24.884657 	 787710 
24.885120 	 952431 
24.885468 	 973348 
24.894861 	 802388 
24.895325 	 787470 
24.895786 	 952431 
24.896133 	 973705 
24.905529 	 802139 
24.905991 	 787470 
24.906454 	 952431 
24.906801 	 973348 
24.916195 	 802388 
24.916658 	 787470 
24.917120 	 952431 
24.917467 	 973348 
24.926863 	 802139 
24.927324 	 787470 
24.927786 	 952431 
24.928135 	 973348 
24.937529 	 802388 
24.937990 	 787710 
24.938454 	 952431 
24.938801 	 973348 
24.948195 	 802388 
24.948658 	 787470 
24.949120 	 952431 
24.949467 	 973705 
24.958862 	 802139 
24.959324 	 787710 
24.959787 	 952431 
24.960135 	 973348 
24.969528 	 802388 
24.969992 	 787470 
24.970453 	 952431 
24.970800 	 973348 
24.980196 	 802139 
24.980658 	 787470 
24.981119 	 952431 
24.981468 	 973348 
24.990862 	 802388 
24.991323 	 787710 
24.991787 	 952431 
24.992134 	 973348 
25.001528 	 802388 
25.001991 	 787470 
25.002453 	 952431 
25.002800 	 973705 
25.012196 	 802388 
25.012657 	 787710 
25.013121 	 952431 
25.013468 	 973348 
25.022861 	 802388 
25.023325 	 787470 
25.023787 	 952431 
25.024134 	 973348 
25.033529 	 802139 
25.033991 	 787470 
25.034454 	 952090 
25.034801 	 973348 
25.044195 	 802388 
25.044657 	 787710 
25.045120 	 952431 
25.045467 	 973348 
25.054861 	 802388 
25.055325 	 787470 
25.055786 	 952431 
25.056133 	 973705 
25.065529 	 802388 
25.065990 	 787710 
25.066454 	 952431 
25.066801 	 973348 
25.076195 	 802388 
25.076658 	 787470 
25.077120 	 952431 
25.077467 	 973348 
25.086863 	 802139 
25.087324 	 787470 
25.087788 	 952090 
25.088135 	 973348 
25.097528 	 802388 
25.097992 	 787470 
25.098454 	 952431 
25.098801 	 973348 
25.108194 	 802388 
25.108658 	 787470 
25.109119 	 952431 
25.109467 	 973705 
25.118862 	 802388 
25.119324 	 787710 
25.119787 	 952431 
25.120134 	 973348 
25.129528 	 802388 
25.129992 	 787470 
25.130453 	 952431 
25.130800 	 973348 
25.140196 	 802139 
25.140657 	 787470 
25.141121 	 952090 
25.141468 	 973348 
25.150862 	 802388 
25.151325 	 787470 
25.151787 	 952431 
25.152134 	 973348 
25.161530 	 802139 
25.161991 	 787470 
25.162453 	 952431 
25.162800 	 973705 
25.172195 	 802388 
25.172657 	 787710 
25.173120 	 952431 
25.173468 	 973348 
25.182861 	 802388 
25.183325 	 787470 
25.183786 	 952431 
25.184134 	 973348 
25.193529 	 802139 
25.193991 	 787470 
25.194454 	 952090 
25.194801 	 973348 
25.204195 	 802388 
25.204659 	 787470 
25.205120 	 952431 
25.205467 	 973348 
25.214863 	 802139 
25.215324 	 787470 
25.215786 	 952431 
25.216133 	 973705 
25.225529 	 802388 
25.225990 	 787710 
25.226454 	 952431 
25.226801 	 973348 
25.236195 	 802388 
25.236658 	 787470 
25.237120 	 952431 
25.237467 	 973705 
25.246862 	 802139 
25.247324 	 787470 
25.247787 	 952090 
25.248135 	 973348 
25.257528 	 802388 
25.257992 	 787470 
25.258453 	 952431 
25.258801 	 973348 
25.268196 	 802139 
25.268658 	 787470 
25.269119 	 952431 
25.269466 	 973705 
25.278862 	 802388 
25.279324 	 787710 
25.279787 	 952431 
25.280134 	 973348 
25.289528 	 802388 
25.289991 	 787470 
25.290453 	 952431 
25.290800 	 973705 
25.300196 	 802139 
25.300657 	 787470 
25.301121 	 952431 
25.301468 	 973348 
25.310862 	 802388 
25.311325 	 787470 
25.311787 	 952431 
25.312134 	 973348 
25.321529 	 802139 
25.321991 	 787470 
25.322453 	 952431 
25.322800 	 973705 
25.332195 	 802388 
25.332657 	 787710 
25.333120 	 952431 
25.333467 	 973348 
25.342861 	 802388 
25.343325 	 787470 
25.343786 	 952431 
25.344133 	 973705 
25.353529 	 802139 
25.353991 	 787710 
25.354454 	 952431 
25.354801 	 973348 
25.364195 	 802388 
25.364658 	 787470 
25.365120 	 952431 
25.365467 	 973348 
25.374863 	 802139 
25.375324 	 787470 
25.375786 	 952431 
25.376135 	 973348 
25.385529 	 802388 
25.385990 	 787710 
25.386454 	 952431 
25.386801 	 973348 
25.396194 	 802388 
25.396658 	 787470 
25.397120 	 952431 
25.397467 	 973705 
25.406862 	 802139 
25.407324 	 787710 
25.407787 	 952431 
25.408134 	 973348 
25.417528 	 802388 
25.417992 	 787470 
25.418453 	 952431 
25.418800 	 973348 
25.428196 	 802139 
25.428658 	 787470 
25.429121 	 952090 
25.429468 	 973348 
25.438862 	 802388 
25.439323 	 787710 
25.439787 	 952431 
25.440134 	 973348 
25.449528 	 802388 
25.449991 	 787470 
25.450453 	 952431 
25.450800 	 973705 
25.460196 	 802388 
25.460657 	 787710 
25.461121 	 952431 
25.461468 	 973348 
25.470861 	 802388 
25.471325 	 787470 
25.471786 	 952431 
25.472134 	 973348 
25.481529 	 802139 
25.481991 	 787470 
25.482454 	 952090 
25.482801 	 973348 
25.492195 	 802388 
25.492659 	 787470 
25.493120 	 952431 
25.493467 	 973348 
25.502861 	 802388 
25.503325 	 787470 
25.503786 	 952431 
25.504133 	 973705 
25.513529 	 802388 
25.513990 	 787710 
25.514454 	 952431 
25.514801 	 973348 
25.524195 	 802388 
25.524658 	 787470 
25.525120 	 952431 
25.525467 	 973348 
25.534863 	 802139 
25.535324 	 787470 
25.535788 	 952090 
25.536135 	 973348 
25.545528 	 802388 
25.545992 	 787470 
25.546453 	 952431 
25.546801 	 973348 
25.556196 	 802139 
25.556658 	 787470 
25.557119 	 952431 
25.557467 	 973705 
25.566862 	 802388 
25.567324 	 787710 
25.567787 	 952431 
25.568134 	 973348 
25.577528 	 802388 
25.577991 	 787470 
25.578453 	 952431 
25.578800 	 973348 
25.588196 	 802139 
25.588657 	 787470 
25.589121 	 952090 
25.589468 	 973348 
25.598862 	 802388 
25.599325 	 787470 
25.599787 	 952431 
25.600134 	 973348 
25.609529 	 802139 
25.609991 	 787470 
25.610453 	 952431 
25.610800 	 973705 
25.620195 	 802388 
25.620657 	 787710 
25.621120 	 952431 
25.621468 	 973348 
25.630861 	 802388 
25.631325 	 787470 
25.631786 	 952431 
25.632133 	 973705 
25.641529 	 802139 
25.641991 	 787470 
25.642454 	 952090 
25.642801 	 973348 
25.652195 	 802388 
25.652658 	 787470 
25.653120 	 952431 
25.653467 	 973348 
25.662863 	 802139 
25.663324 	 787470 
25.663786 	 952431 
25.664133 	 973705 
25.673529 	 802388 
25.673990 	 787710 
25.674454 	 952431 
25.674801 	 973348 
25.684195 	 802388 
25.684658 	 787470 
25.685120 	 952431 
25.685467 	 973705 
25.694862 	 802139 
25.695324 	 787470 
25.695787 	 952431 
25.696135 	 973348 
25.705528 	 802388 
25.705992 	 787470 
25.706453 	 952431 
25.706800 	 973348 
25.716196 	 802139 
25.716658 	 787470 
25.717119 	 952431 
25.717466 	 973705 
25.726862 	 802388 
25.727324 	 787710 
25.727787 	 952431 
25.728134 	 973348 
25.737528 	 802388 
25.737991 	 787470 
25.738453 	 952431 
25.738800 	 973705 
25.748196 	 802139 
25.748657 	 787470 
25.749121 	 952431 
25.749468 	 973348 
25.758862 	 802388 
25.759325 	 787470 
25.759787 	 952431 
25.760134 	 973348 
25.769529 	 802139 
25.769991 	 787470 
25.770452 	 952431 
25.770800 	 973705 
25.780195 	 802388 
25.780657 	 787710 
25.781120 	 952431 
25.781467 	 973348 
25.790861 	 802388 
25.791325 	 787470 
25.791786 	 952431 
25.792133 	 973705 
25.801529 	 802139 
25.801991 	 787710 
25.802454 	 952431 
25.802801 	 973348 
25.812195 	 802388 
25.812658 	 787470 
25.813120 	 952431 
25.813467 	 973348 
25.822863 	 802139 
25.823324 	 787470 
25.823786 	 952431 
25.824135 	 973348 
25.833529 	 802388 
25.833990 	 787710 
25.834454 	 952431 
25.834801 	 973348 
25.844194 	 802388 
25.844658 	 787470 
25.845119 	 952431 
25.845467 	 973705 
25.854862 	 802388 
25.855324 	 787710 
25.855787 	 952431 
25.856134 	 973348 
25.865528 	 802388 
25.865992 	 787470 
25.866453 	 952431 
25.866800 	 973348 
25.876196 	 802139 
25.876657 	 787470 
25.877121 	 952090 
25.877468 	 973348 
25.886862 	 802388 
25.887323 	 787710 
25.887787 	 952431 
25.888134 	 973348 
25.897528 	 802388 
25.897991 	 787470 
25.898453 	 952431 
25.898800 	 973705 
25.908195 	 802388 
25.908657 	 787710 
25.909121 	 952431 
25.909468 	 973348 
25.918861 	 802388 
25.919325 	 787470 
25.919786 	 952431 
25.920134 	 973348 
25.929529 	 802139 
25.929991 	 787470 
25.930454 	 952090 
25.930801 	 973348 
25.940195 	 802388 
25.940659 	 787470 
25.941120 	 952431 
25.941467 	 973348 
25.950861 	 802388 
25.951324 	 787470 
25.951786 	 952431 
25.952133 	 973705 
25.961529 	 802388 
25.961990 	 787710 
25.962454 	 952431 
25.962801 	 973348 
25.972195 	 802388 
25.972658 	 787470 
25.973120 	 952431 
25.973467 	 973348 
25.982862 	 802139 
25.983324 	 787470 
25.983788 	 952090 
25.984135 	 973348 
25.993528 	 802388 
25.993992 	 787470 
25.994453 	 952431 
25.994801 	 973348 
26.004196 	 802139 
26.004658 	 787470 
26.005119 	 952431 
26.005466 	 973705 
26.014862 	 802388 
26.015324 	 787710 
26.015787 	 952431 
26.016134 	 973348 
26.025528 	 802388 
26.025991 	 787470 
26.026453 	 952431 
26.026800 	 973348 
26.036196 	 802139 
26.036657 	 787470 
26.037121 	 952090 
26.037468 	 973348 
26.046862 	 802388 
26.047325 	 787470 
26.047787 	 952431 
26.048134 	 973348 
26.057529 	 802139 
26.057991 	 787470 
26.058453 	 952431 
26.058800 	 973705 
26.068195 	 802388 
26.068657 	 787710 
26.069120 	 952431 
26.069468 	 973348 
26.078861 	 802388 
26.079325 	 787470 
26.079786 	 952431 
26.080133 	 973705 
26.089529 	 802139 
26.089991 	 787470 
26.090454 	 952090 
26.090801 	 973348 
26.100195 	 802388 
26.100658 	 787470 
26.101120 	 952431 
26.101467 	 973348 
26.110863 	 802139 
26.111324 	 787470 
26.111786 	 952431 
26.112133 	 973705 
26.121529 	 802388 
26.121990 	 787710 
26.122454 	 952431 
26.122801 	 973348 
26.132195 	 802388 
26.132658 	 787470 
26.133120 	 952431 
26.133467 	 973705 
26.142862 	 802139 
26.143324 	 787470 
26.143787 	 952431 
26.144135 	 973348 
26.153528 	 802388 
26.153992 	 787470 
26.154453 	 952431 
26.154800 	 973348 
26.164196 	 802139 
26.164658 	 787470 
26.165119 	 952431 
26.165466 	 973705 
26.174862 	 802388 
26.175323 	 787710 
26.175787 	 952431 
26.176134 	 973348 
26.185528 	 802388 
26.185991 	 787470 
26.186453 	 952431 
26.186800 	 973705 
26.196196 	 802139 
26.196657 	 787470 
26.197121 	 952431 
26.197468 	 973348 
26.206861 	 802388 
26.207325 	 787470 
26.207787 	 952431 
26.208134 	 973348 
26.217529 	 802139 
26.217991 	 787470 
26.218452 	 952431 
26.218801 	 973348 
26.228195 	 802388 
26.228657 	 787710 
26.229120 	 952431 
26.229467 	 973348 
26.238861 	 802388 
26.239325 	 787470 
26.239786 	 952431 
26.240133 	 973705 
26.249529 	 802139 
26.249990 	 787710 
26.250454 	 952431 
26.250801 	 973348 
26.260195 	 802388 
26.260658 	 787470 
26.261120 	 952431 
26.261467 	 973348 
26.270863 	 802139 
26.271324 	 787470 
26.271786 	 952431 
26.272135 	 973348 
26.281528 	 802388 
26.281990 	 787710 
26.282454 	 952431 
26.282801 	 973348 
26.292194 	 802388 
26.292658 	 787470 
26.293119 	 952431 
26.293467 	 973705 
26.302862 	 802388 
26.303324 	 787710 
26.303787 	 952431 
26.304134 	 973348 
26.313528 	 802388 
26.313992 	 787470 
26.314453 	 952431 
26.314800 	 973348 
26.324196 	 802139 
26.324657 	 787470 
26.325121 	 952090 
26.325468 	 973348 
26.334862 	 802388 
26.335323 	 787710 
26.335787 	 952431 
26.336134 	 973348 
26.345528 	 802388 
26.345991 	 787470 
26.346453 	 952431 
26.346800 	 973705 
26.356195 	 802388 
26.356657 	 787710 
26.357121 	 952431 
26.357468 	 973348 
26.366861 	 802388 
26.367325 	 787470 
26.367786 	 952431 
26.368134 	 973348 
26.377529 	 802139 
26.377991 	 787470 
26.378454 	 952090 
26.378801 	 973348 
26.388195 	 802388 
26.388659 	 787470 
26.389120 	 952431 
26.389467 	 973348 
26.398861 	 802388 
26.399324 	 787470 
26.399786 	 952431 
26.400133 	 973705 
26.409529 	 802388 
26.409990 	 787710 
26.410454 	 952431 
26.410801 	 973348 
26.420195 	 802388 
26.420658 	 787470 
26.421120 	 952431 
26.421467 	 973348 
26.430862 	 802139 
26.431324 	 787470 
26.431787 	 952090 
26.432135 	 973348 
26.441528 	 802388 
26.441992 	 787470 
26.442453 	 952431 
26.442801 	 973348 
26.452196 	 802139 
26.452658 	 787470 
26.453119 	 952431 
26.453466 	 973705 
26.462862 	 802388 
26.463324 	 787710 
26.463787 	 952431 
26.464134 	 973348 
26.473528 	 802388 
26.473991 	 787470 
26.474453 	 952431 
26.474800 	 973705 
26.484196 	 802139 
26.484657 	 787470 
26.485121 	 952090 
26.485468 	 973348 
26.494862 	 802388 
26.495325 	 787470 
26.495787 	 952431 
26.496134 	 973348 
26.505529 	 802139 
26.505991 	 787470 
26.506453 	 952431 
26.506800 	 973705 
26.516195 	 802388 
26.516657 	 787710 
26.517120 	 952431 
26.517467 	 973348 
26.526861 	 802388 
26.527325 	 787470 
26.527786 	 952431 
26.528133 	 973705 
26.537529 	 802139 
26.537991 	 787470 
26.538454 	 952090 
26.538801 	 973348 
26.548195 	 802388 
26.548658 	 787470 
26.549120 	 952431 
26.549467 	 973348 
26.558863 	 802139 
26.559324 	 787470 
26.559786 	 952431 
26.560133 	 973705 
26.569529 	 802388 
26.569990 	 787710 
26.570454 	 952431 
26.570801 	 973348 
26.580194 	 802388 
26.580658 	 787470 
26.581120 	 952431 
26.581467 	 973705 
26.590862 	 802139 
26.591324 	 787470 
26.591787 	 952431 
26.592134 	 973348 
26.601528 	 802388 
26.601992 	 787470 
26.602453 	 952431 
26.602800 	 973348 
26.612196 	 802139 
26.612658 	 787470 
26.613119 	 952431 
26.613466 	 973705 
26.622862 	 802388 
26.623323 	 787710 
26.623787 	 952431 
26.624134 	 973348 
26.633528 	 802388 
26.633991 	 787470 
26.634453 	 952431 
26.634800 	 973705 
26.644196 	 802139 
26.644657 	 787710 
26.645121 	 952431 
26.645468 	 973348 
26.654861 	 802388 
26.655325 	 787470 
26.655787 	 952431 
26.656134 	 973348 
26.665529 	 802139 
26.665991 	 787470 
26.666452 	 952431 
26.666801 	 973348 
26.676195 	 802388 
26.676657 	 787710 
26.677120 	 952431 
26.677467 	 973348 
26.686861 	 802388 
26.687325 	 787470 
26.687786 	 952431 
26.688133 	 973705 
26.697529 	 802139 
26.697990 	 787710 
26.698454 	 952431 
26.698801 	 973348 
26.708195 	 802388 
26.708658 	 787470 
26.709120 	 952431 
26.709467 	 973348 
26.718863 	 802139 
26.719324 	 787470 
26.719788 	 952090 
26.720135 	 973348 
26.729528 	 802388 
26.729990 	 787710 
26.730453 	 952431 
26.730801 	 973348 
26.740194 	 802388 
26.740658 	 787470 
26.741119 	 952431 
26.741467 	 973705 
26.750862 	 802388 
26.751324 	 787710 
26.751787 	 952431 
26.752134 	 973348 
26.761528 	 802388 
26.761992 	 787470 
26.762453 	 952431 
26.762800 	 973348 
26.772196 	 802139 
26.772657 	 787470 
26.773121 	 952090 
26.773468 	 973348 
26.782862 	 802388 
26.783325 	 787470 
26.783787 	 952431 
26.784134 	 973348 
26.793528 	 802388 
26.793991 	 787470 
26.794453 	 952431 
26.794800 	 973705 
26.804195 	 802388 
26.804657 	 787710 
26.805120 	 952431 
26.805468 	 973348 
26.814861 	 802388 
26.815325 	 787470 
26.815786 	 952431 
26.816133 	 973348 
26.825529 	 802139 
26.825991 	 787470 
26.826454 	 952090 
26.826801 	 973348 
26.836195 	 802388 
26.836658 	 787470 
26.837120 	 952431 
26.837467 	 973348 
26.846863 	 802139 
26.847324 	 787470 
26.847786 	 952431 
26.848133 	 973705 
26.857529 	 802388 
26.857990 	 787710 
26.858454 	 952431 
26.858801 	 973348 
26.868195 	 802388 
26.868658 	 787470 
26.869120 	 952431 
26.869467 	 973348 
26.878862 	 802139 
26.879324 	 787470 
26.879787 	 952090 
26.880135 	 973348 
26.889528 	 802388 
26.889992 	 787470 
26.890453 	 952431 
26.890800 	 973348 
26.900196 	 802139 
26.900658 	 787470 
26.901119 	 952431 
26.901466 	 973705 
26.910862 	 802388 
26.911324 	 787710 
26.911787 	 952431 
26.912134 	 973348 
26.921528 	 802388 
26.921991 	 787470 
26.922453 	 952431 
26.922800 	 973705 
26.932196 	 802139 
26.932657 	 787470 
26.933121 	 952090 
26.933468 	 973348 
26.942862 	 802388 
26.943325 	 787470 
26.943787 	 952431 
26.944134 	 973348 
26.953529 	 802139 
26.953991 	 787470 
26.954453 	 952431 
26.954800 	 973705 
26.964195 	 802388 
26.964657 	 787710 
26.965120 	 952431 
26.965467 	 973348 
26.974861 	 802388 
26.975325 	 787470 
26.975786 	 952431 
26.976133 	 973705 
26.985529 	 802139 
26.985991 	 787470 
26.986454 	 952431 
26.986801 	 973348 
26.996195 	 802388 
26.996658 	 787470 
26.997120 	 952431 
26.997467 	 973348 
27.006863 	 802139 
27.007324 	 787470 
27.007786 	 952431 
27.008133 	 973705 
27.017529 	 802388 
27.017990 	 787710 
27.018454 	 952431 
27.018801 	 973348 
27.028194 	 802388 
27.028658 	 787470 
27.029119 	 952431 
27.029467 	 973705 
27.038862 	 802139 
27.039324 	 787470 
27.039787 	 952431 
27.040134 	 973348 
27.049528 	 802388 
27.049992 	 787470 
27.050453 	 952431 
27.050800 	 973348 
27.060196 	 802139 
27.060658 	 787470 
27.061119 	 952431 
27.061466 	 973705 
27.070862 	 802388 
27.071323 	 787710 
27.071787 	 952431 
27.072134 	 973348 
27.081528 	 802388 
27.081991 	 787470 
27.082453 	 952431 
27.082800 	 973705 
27.092196 	 802139 
27.092657 	 787710 
27.093121 	 952431 
27.093468 	 973348 
27.102861 	 802388 
27.103325 	 787470 
27.103786 	 952431 
27.104134 	 973348 
27.113529 	 802139 
27.113991 	 787470 
27.114452 	 952431 
27.114801 	 973348 
27.124195 	 802388 
27.124657 	 787710 
27.125120 	 952431 
27.125467 	 973348 
27.134861 	 802388 
27.135324 	 787470 
27.135786 	 952431 
27.136133 	 973705 
27.145529 	 802388 
27.145990 	 787710 
27.146454 	 952431 
27.146801 	 973348 
27.156195 	 802388 
27.156658 	 787470 
27.157120 	 952431 
27.157467 	 973348 
27.166862 	 802139 
27.167324 	 787470 
27.167788 	 952090 
27.168135 	 973348 
27.177528 	 802388 
27.177990 	 787710 
27.178453 	 952431 
27.178801 	 973348 
27.188194 	 802388 
27.188658 	 787470 
27.189119 	 952431 
27.189466 	 973705 
27.198862 	 802388 
27.199324 	 787710 
27.199787 	 952431 
27.200134 	 973348 
27.209528 	 802388 
27.209991 	 787470 
27.210453 	 952431 
27.210800 	 973348 
27.220196 	 802139 
27.220657 	 787470 
27.221121 	 952090 
27.221468 	 973348 
27.230862 	 802388 
27.231325 	 787470 
27.231787 	 952431 
27.232134 	 973348 
27.241528 	 802388 
27.241991 	 787470 
27.242453 	 952431 
27.242800 	 973705 
27.252195 	 802388 
27.252657 	 787710 
27.253120 	 952431 
27.253468 	 973348 
27.262861 	 802388 
27.263325 	 787470 
27.263786 	 952431 
27.264133 	 973348 
27.273529 	 802139 
27.273991 	 787470 
27.274454 	 952090 
27.274801 	 973348 
27.284195 	 802388 
27.284658 	 787470 
27.285120 	 952431 
27.285467 	 973348 
27.294863 	 802139 
27.295324 	 787470 
27.295786 	 952431 
27.296133 	 973705 
27.305529 	 802388 
27.305990 	 787710 
27.306454 	 952431 
27.306801 	 973348 
27.316195 	 802388 
27.316658 	 787470 
27.317120 	 952431 
27.317467 	 973348 
27.326862 	 802139 
27.327324 	 787470 
27.327787 	 952090 
27.328135 	 973348 
27.337528 	 802388 
27.337992 	 787470 
27.338453 	 952431 
27.338800 	 973348 
27.348196 	 802139 
27.348658 	 787470 
27.349119 	 952431 
27.349466 	 973705 
27.358862 	 802388 
27.359324 	 787710 
27.359787 	 952431 
27.360134 	 973348 
27.369528 	 802388 
27.369991 	 787470 
27.370453 	 952431 
27.370800 	 973705 
27.380196 	 802139 
27.380657 	 787470 
27.381121 	 952090 
27.381468 	 973348 
27.390862 	 802388 
27.391325 	 787470 
27.391787 	 952431 
27.392134 	 973348 
27.401529 	 802139 
27.401991 	 787470 
27.402452 	 952431 
27.402800 	 973705 
27.412195 	 802388 
27.412657 	 787710 
27.413120 	 952431 
27.413467 	 973348 
27.422861 	 802388 
27.423325 	 787470 
27.423786 	 952431 
27.424133 	 973705 
27.433529 	 802139 
27.433990 	 787470 
27.434454 	 952431 
27.434801 	 973348 
27.444195 	 802388 
27.444658 	 787470 
27.445120 	 952431 
27.445467 	 973348 
27.454863 	 802139 
27.455324 	 787470 
27.455786 	 952431 
27.456133 	 973705 
27.465528 	 802388 
27.465990 	 787710 
27.466454 	 952431 
27.466801 	 973348 
27.476194 	 802388 
27.476658 	 787470 
27.477119 	 952431 
27.477467 	 973705 
27.486862 	 802139 
27.487324 	 787470 
27.487787 	 952431 
27.488134 	 973348 
27.497528 	 802388 
27.497992 	 787470 
27.498453 	 952431 
27.498800 	 973348 
27.508196 	 802139 
27.508657 	 787470 
27.509119 	 952431 
27.509468 	 973348 
27.518862 	 802388 
27.519323 	 787710 
27.519787 	 952431 
27.520134 	 973348 
27.529528 	 802388 
27.529991 	 787470 
27.530453 	 952431 
27.530800 	 973705 
27.540195 	 802139 
27.540657 	 787710 
27.541121 	 952431 
27.541468 	 973348 
27.550861 	 802388 
27.551325 	 787470 
27.551786 	 952431 
27.552134 	 973348 
27.561529 	 802139 
27.561991 	 787470 
27.562454 	 952090 
27.562801 	 973348 
27.572195 	 802388 
27.572657 	 787710 
27.573120 	 952431 
27.573467 	 973348 
27.582861 	 802388 
27.583324 	 787470 
27.583786 	 952431 
27.584133 	 973705 
27.593529 	 802388 
27.593990 	 787710 
27.594454 	 952431 
27.594801 	 973348 
27.604195 	 802388 
27.604658 	 787470 
27.605120 	 952431 
27.605467 	 973348 
27.614862 	 802139 
27.615324 	 787470 
27.615788 	 952090 
27.616135 	 973348 
27.625528 	 802388 
27.625992 	 787470 
27.626453 	 952431 
27.626801 	 973348 
27.636194 	 802388 
27.636658 	 787470 
27.637119 	 952431 
27.637466 	 973705 
27.646862 	 802388 
27.647324 	 787710 
27.647787 	 952431 
27.648134 	 973348 
27.657528 	 802388 
27.657991 	 787470 
27.658453 	 952431 
27.658800 	 973348 
27.668196 	 802139 
27.668657 	 787470 
27.669121 	 952090 
27.669468 	 973348 
27.678862 	 802388 
27.679325 	 787470 
27.679787 	 952431 
27.680134 	 973348 
27.689528 	 802388 
27.689991 	 787470 
27.690453 	 952431 
27.690800 	 973705 
27.700195 	 802388 
27.700657 	 787710 
27.701120 	 952431 
27.701468 	 973348 
27.710861 	 802388 
27.711325 	 787470 
27.711786 	 952431 
27.712133 	 973348 
27.721529 	 802139 
27.721991 	 787470 
27.722454 	 952090 
27.722801 	 973348 
27.732195 	 802388 
27.732658 	 787470 
27.733120 	 952431 
27.733467 	 973348 
27.742863 	 802139 
27.743324 	 787470 
27.743786 	 952431 
27.744133 	 973705 
27.753529 	 802388 
27.753990 	 787710 
27.754454 	 952431 
27.754801 	 973348 
27.764194 	 802388 
27.764658 	 787470 
27.765120 	 952431 
27.765467 	 973705 
27.774862 	 802139 
27.775324 	 787470 
27.775787 	 952090 
27.776134 	 973348 
27.785528 	 802388 
27.785992 	 787470 
27.786453 	 952431 
27.786800 	 973348 
27.796196 	 802139 
27.796658 	 787470 
27.797119 	 952431 
27.797466 	 973705 
27.806862 	 802388 
27.807323 	 787710 
27.807787 	 952431 
27.808134 	 973348 
27.817528 	 802388 
27.817991 	 787470 
27.818453 	 952431 
27.818800 	 973705 
27.828196 	 802139 
27.828657 	 787470 
27.829121 	 952431 
27.829468 	 973348 
27.838861 	 802388 
27.839325 	 787470 
27.839787 	 952431 
27.840134 	 973348 
27.849529 	 802139 
27.849991 	 787470 
27.850452 	 952431 
27.850800 	 973705 
27.860195 	 802388 
27.860657 	 787710 
27.861120 	 952431 
27.861467 	 973348 
27.870861 	 802388 
27.871325 	 787470 
27.871786 	 952431 
27.872133 	 973705 
27.881529 	 802139 
27.881990 	 787470 
27.882454 	 952431 
27.882801 	 973348 
27.892195 	 802388 
27.892658 	 787470 
27.893120 	 952431 
27.893467 	 973348 
27.902863 	 802139 
27.903324 	 787470 
27.903786 	 952431 
27.904133 	 973705 
27.913528 	 802388 
27.913990 	 787710 
27.914454 	 952431 
27.914801 	 973348 
27.924194 	 802388 
27.924658 	 787470 
27.925119 	 952431 
27.925467 	 973705 
27.934862 	 802139 
27.935324 	 787710 
27.935787 	 952431 
27.936134 	 973348 
27.945528 	 802388 
27.945992 	 787470 
27.946453 	 952431 
27.946800 	 973348 
27.956196 	 802139 
27.956657 	 787470 
27.957119 	 952431 
27.957468 	 973348 
27.966862 	 802388 
27.967323 	 787710 
27.967787 	 952431 
27.968134 	 973348 
27.977528 	 802388 
27.977991 	 787470 
27.978453 	 952431 
27.978800 	 973705 
27.988195 	 802388 
27.988657 	 787710 
27.989120 	 952431 
27.989468 	 973348 
27.998861 	 802388 
27.999325 	 787470 
27.999786 	 952431 
28.000134 	 973348 
28.009529 	 802139 
28.009991 	 787470 
28.010454 	 952090 
28.010801 	 973348 
28.020195 	 802388 
28.020657 	 787710 
28.021120 	 952431 
28.021467 	 973348 
28.030861 	 802388 
28.031324 	 787470 
28.031786 	 952431 
28.032133 	 973705 
28.041529 	 802388 
28.041990 	 787710 
28.042454 	 952431 
28.042801 	 973348 
28.052195 	 802388 
28.052658 	 787470 
28.053120 	 952431 
28.053467 	 973348 
28.062862 	 802139 
28.063324 	 787470 
28.063787 	 952090 
28.064135 	 973348 
28.073528 	 802388 
28.073992 	 787470 
28.074453 	 952431 
28.074800 	 973348 
28.084194 	 802388 
28.084658 	 787470 
28.085119 	 952431 
28.085466 	 973705 
28.094862 	 802388 
28.095324 	 787710 
28.095787 	 952431 
28.096134 	 973348 
28.105528 	 802388 
28.105991 	 787470 
28.106453 	 952431 
28.106800 	 973348 
28.116196 	 802139 
28.116657 	 787470 
28.117121 	 952090 
28.117468 	 973348 
28.126862 	 802388 
28.127325 	 787470 
28.127787 	 952431 
28.128134 	 973348 
28.137529 	 802139 
28.137991 	 787470 
28.138453 	 952431 
28.138800 	 973705 
28.148195 	 802388 
28.148657 	 787710 
28.149120 	 952431 
28.149467 	 973348 
28.158861 	 802388 
28.159325 	 787470 
28.159786 	 952431 
28.160133 	 973348 
28.169529 	 802139 
28.169991 	 787470 
28.170454 	 952090 
28.170801 	 973348 
28.180195 	 802388 
28.180658 	 787470 
28.181120 	 952431 
28.181467 	 973348 
28.190863 	 802139 
28.191324 	 787470 
28.191786 	 952431 
28.192133 	 973705 
28.201529 	 802388 
28.201990 	 787710 
28.202454 	 952431 
28.202801 	 973348 
28.212194 	 802388 
28.212658 	 787470 
28.213120 	 952431 
28.213467 	 973705 
28.222862 	 802139 
28.223324 	 787470 
28.223787 	 952090 
28.224134 	 973348 
28.233528 	 802388 
28.233992 	 787470 
28.234453 	 952431 
28.234800 	 973348 
28.244196 	 802139 
28.244658 	 787470 
28.245119 	 952431 
28.245466 	 973705 
28.254862 	 802388 
28.255323 	 787710 
28.255787 	 952431 
28.256134 	 973348 
28.265528 	 802388 
28.265991 	 787470 
28.266453 	 952431 
28.266800 	 973705 
28.276196 	 802139 
28.276657 	 787470 
28.277121 	 952431 
28.277468 	 973348 
28.286861 	 802388 
28.287325 	 787470 
28.287786 	 952431 
28.288134 	 973348 
28.297529 	 802139 
28.297991 	 787470 
28.298452 	 952431 
28.298800 	 973705 
28.308195 	 802388 
28.308657 	 787710 
28.309120 	 952431 
28.309467 	 973348 
28.318861 	 802388 
28.319324 	 787470 
28.319786 	 952431 
28.320133 	 973705 
28.329529 	 802139 
28.329990 	 787470 
28.330454 	 952431 
28.330801 	 973348 
28.340195 	 802388 
28.340658 	 787470 
28.341120 	 952431 
28.341467 	 973348 
28.350863 	 802139 
28.351324 	 787470 
28.351786 	 952431 
28.352135 	 973348 
28.361528 	 802388 
28.361990 	 787710 
28.362453 	 952431 
28.362801 	 973348 
28.372194 	 802388 
28.372658 	 787470 
28.373119 	 952431 
28.373466 	 973705 
28.382862 	 802139 
28.383324 	 787710 
28.383787 	 952431 
28.384134 	 973348 
28.393528 	 802388 
28.393991 	 787470 
28.394453 	 952431 
28.394800 	 973348 
28.404196 	 802139 
28.404657 	 787470 
28.405119 	 952431 
28.405468 	 973348 
28.414862 	 802388 
28.415323 	 787710 
28.415787 	 952431 
28.416134 	 973348 
28.425528 	 802388 
28.425991 	 787470 
28.426453 	 952431 
28.426800 	 973705 
28.436195 	 802388 
28.436657 	 787710 
28.437120 	 952431 
28.437468 	 973348 
28.446861 	 802388 
28.447325 	 787470 
28.447786 	 952431 
28.448133 	 973348 
28.457529 	 802139 
28.457991 	 787470 
28.458454 	 952090 
28.458801 	 973348 
28.468195 	 802388 
28.468657 	 787710 
28.469120 	 952431 
28.469467 	 973348 
28.478861 	 802388 
28.479324 	 787470 
28.479786 	 952431 
28.480133 	 973705 
28.489529 	 802388 
28.489990 	 787710 
28.490454 	 952431 
28.490801 	 973348 
28.500195 	 802388 
28.500658 	 787470 
28.501120 	 952431 
28.501467 	 973348 
28.510862 	 802139 
28.511324 	 787470 
28.511787 	 952090 
28.512135 	 973348 
28.521528 	 802388 
28.521992 	 787470 
28.522453 	 952431 
28.522800 	 973348 
28.532194 	 802388 
28.532658 	 787470 
28.533119 	 952431 
28.533466 	 973705 
28.542862 	 802388 
28.543324 	 787710 
28.543787 	 952431 
28.544134 	 973348 
28.553528 	 802388 
28.553991 	 787470 
28.554453 	 952431 
28.554800 	 973348 
28.564196 	 802139 
28.564657 	 787470 
28.565121 	 952090 
28.565468 	 973348 
28.574862 	 802388 
28.575325 	 787470 
28.575787 	 952431 
28.576134 	 973348 
28.585529 	 802139 
28.585991 	 787470 
28.586452 	 952431 
28.586800 	 973705 
28.596195 	 802388 
28.596657 	 787710 
28.597120 	 952431 
28.597467 	 973348 
28.606861 	 802388 
28.607325 	 787470 
28.607786 	 952431 
28.608133 	 973348 
28.617529 	 802139 
28.617990 	 787470 
28.618454 	 952090 
28.618801 	 973348 
28.628195 	 802388 
28.628658 	 787470 
28.629120 	 952431 
28.629467 	 973348 
28.638863 	 802139 
28.639324 	 787470 
28.639786 	 952431 
28.640133 	 973705 
28.649529 	 802388 
28.649990 	 787710 
28.650454 	 952431 
28.650801 	 973348 
28.660194 	 802388 
28.660658 	 787470 
28.661119 	 952431 
28.661467 	 973705 
28.670862 	 802139 
28.671324 	 787470 
28.671787 	 952090 
28.672134 	 973348 
28.681528 	 802388 
28.681992 	 787470 
28.682453 	 952431 
28.682800 	 973348 
28.692196 	 802139 
28.692657 	 787470 
28.693119 	 952431 
28.693466 	 973705 
28.702862 	 802388 
28.703323 	 787710 
28.703787 	 952431 
28.704134 	 973348 
28.713528 	 802388 
28.713991 	 787470 
28.714453 	 952431 
28.714800 	 973705 
28.724195 	 802139 
28.724657 	 787470 
28.725121 	 952431 
28.725468 	 973348 
28.734861 	 802388 
28.735325 	 787470 
28.735786 	 952431 
28.736134 	 973348 
28.745529 	 802139 
28.745991 	 787470 
28.746452 	 952431 
28.746799 	 973705 
28.756195 	 802388 
28.756657 	 787710 
28.757120 	 952431 
28.757467 	 973348 
28.766861 	 802388 
28.767324 	 787470 
28.767786 	 952431 
28.768133 	 973705 
28.777529 	 802139 
28.777990 	 787710 
28.778454 	 952431 
28.778801 	 973348 
28.788195 	 802388 
28.788658 	 787470 
28.789120 	 952431 
28.789467 	 973348 
28.798862 	 802139 
28.799324 	 787470 
28.799786 	 952431 
28.800135 	 973348 
28.809528 	 802388 
28.809990 	 787710 
28.810453 	 952431 
28.810801 	 973348 
28.820194 	 802388 
28.820658 	 787470 
28.821119 	 952431 
28.821466 	 973705 
28.830862 	 802139 
28.831324 	 787710 
28.831787 	 952431 
28.832134 	 973348 
28.841528 	 802388 
28.841991 	 787470 
28.842453 	 952431 
28.842800 	 973348 
28.852196 	 802139 
28.852657 	 787470 
28.853121 	 952090 
28.853468 	 973348 
28.862862 	 802388 
28.863323 	 787710 
28.863787 	 952431 
28.864134 	 973348 
28.873528 	 802388 
28.873991 	 787470 
28.874453 	 952431 
28.874800 	 973705 
28.884195 	 802388 
28.884657 	 787710 
28.885120 	 952431 
28.885468 	 973348 
28.894861 	 802388 
28.895325 	 787470 
28.895786 	 952431 
28.896133 	 973348 
28.905529 	 802139 
28.905991 	 787470 
28.906454 	 952090 
28.906801 	 973348 
28.916195 	 802388 
28.916658 	 787470 
28.917120 	 952431 
28.917467 	 973348 
28.926861 	 802388 
28.927324 	 787470 
28.927786 	 952431 
28.928133 	 973705 
28.937529 	 802388 
28.937990 	 787710 
28.938454 	 952431 
28.938801 	 973348 
28.948195 	 802388 
28.948658 	 787470 
28.949120 	 952431 
28.949467 	 973348 
28.958862 	 802139 
28.959324 	 787470 
28.959787 	 952090 
28.960135 	 973348 
28.969528 	 802388 
28.969992 	 787470 
28.970453 	 952431 
28.970800 	 973348 
28.980196 	 802139 
28.980658 	 787470 
28.981119 	 952431 
28.981466 	 973705 
28.990862 	 802388 
28.991323 	 787710 
28.991787 	 952431 
28.992134 	 973348 
29.001528 	 802388 
29.001991 	 787470 
29.002453 	 952431 
29.002800 	 973348 
29.012196 	 802139 
29.012657 	 787470 
29.013121 	 952090 
29.013468 	 973348 
29.022861 	 802388 
29.023325 	 787470 
29.023787 	 952431 
29.024134 	 973348 
29.033529 	 802139 
29.033991 	 787470 
29.034452 	 952431 
29.034800 	 973705 
29.044195 	 802388 
29.044657 	 787710 
29.045120 	 952431 
29.045467 	 973348 
29.054861 	 802388 
29.055325 	 787470 
29.055786 	 952431 
29.056133 	 973705 
29.065529 	 802139 
29.065990 	 787470 
29.066454 	 952090 
29.066801 	 973348 
29.076195 	 802388 
29.076658 	 787470 
29.077120 	 952431 
29.077467 	 973348 
29.086863 	 802139 
29.087324 	 787470 
29.087786 	 952431 
29.088133 	 973705 
29.097528 	 802388 
29.097990 	 787710 
29.098454 	 952431 
29.098801 	 973348 
29.108194 	 802388 
29.108658 	 787470 
29.109119 	 952431 
29.109467 	 973705 
29.118862 	 802139 
29.119324 	 787470 
29.119787 	 952431 
29.120134 	 973348 
29.129528 	 802388 
29.129992 	 787470 
29.130453 	 952431 
29.130800 	 973348 
29.140196 	 802139 
29.140657 	 787470 
29.141119 	 952431 
29.141466 	 973705 
29.150862 	 802388 
29.151323 	 787710 
29.151787 	 952431 
29.152134 	 973348 
29.161528 	 802388 
29.161991 	 787470 
29.162453 	 952431 
29.162800 	 973705 
29.172195 	 802139 
29.172657 	 787470 
29.173120 	 952431 
29.173468 	 973348 
29.182861 	 802388 
29.183325 	 787470 
29.183786 	 952431 
29.184134 	 973348 
29.193529 	 802139 
29.193991 	 787470 
29.194452 	 952431 
29.194799 	 973705 
29.204195 	 802388 
29.204657 	 787710 
29.205120 	 952431 
29.205467 	 973348 
29.214861 	 802388 
29.215324 	 787470 
29.215786 	 952431 
29.216133 	 973705 
29.225529 	 802139 
29.225990 	 787710 
29.226454 	 952431 
29.226801 	 973348 
29.236195 	 802388 
29.236658 	 787470 
29.237120 	 952431 
29.237467 	 973348 
29.246862 	 802139 
29.247324 	 787470 
29.247786 	 952431 
29.248135 	 973348 
29.257528 	 802388 
29.257990 	 787710 
29.258453 	 952431 
29.258801 	 973348 
29.268194 	 802388 
29.268658 	 787470 
29.269119 	 952431 
29.269466 	 973705 
29.278862 	 802388 
29.279324 	 787710 
29.279787 	 952431 
29.280134 	 973348 
29.289528 	 802388 
29.289991 	 787470 
29.290453 	 952431 
29.290800 	 973348 
29.300196 	 802139 
29.300657 	 787470 
29.301121 	 952090 
29.301468 	 973348 
29.310862 	 802388 
29.311323 	 787710 
29.311787 	 952431 
29.312134 	 973348 
29.321527 	 802388 
29.321991 	 787470 
29.322453 	 952431 
29.322800 	 973705 
29.332195 	 802388 
29.332657 	 787710 
29.333120 	 952431 
29.333467 	 973348 
29.342861 	 802388 
29.343325 	 787470 
29.343786 	 952431 
29.344133 	 973348 
29.353529 	 802139 
29.353991 	 787470 
29.354454 	 952090 
29.354801 	 973348 
29.364195 	 802388 
29.364658 	 787470 
29.365120 	 952431 
29.365467 	 973348 
29.374861 	 802388 
29.375324 	 787470 
29.375786 	 952431 
29.376133 	 973705 
29.385529 	 802388 
29.385990 	 787710 
29.386454 	 952431 
29.386801 	 973348 
29.396194 	 802388 
29.396658 	 787470 
29.397120 	 952431 
29.397467 	 973348 
29.406862 	 802139 
29.407324 	 787470 
29.407787 	 952090 
29.408134 	 973348 
29.417528 	 802388 
29.417992 	 787470 
29.418453 	 952431 
29.418800 	 973348 
29.428196 	 802139 
29.428658 	 787470 
29.429119 	 952431 
29.429466 	 973705 
29.438862 	 802388 
29.439323 	 787710 
29.439787 	 952431 
29.440134 	 973348 
29.449528 	 802388 
29.449991 	 787470 
29.450453 	 952431 
29.450800 	 973348 
29.460196 	 802139 
29.460657 	 787470 
29.461121 	 952090 
29.461468 	 973348 
29.470861 	 802388 
29.471325 	 787470 
29.471786 	 952431 
29.472134 	 973348 
29.481529 	 802139 
29.481991 	 787470 
29.482452 	 952431 
29.482800 	 973705 
29.492195 	 802388 
29.492657 	 787710 
29.493120 	 952431 
29.493467 	 973348 
29.502861 	 802388 
29.503325 	 787470 
29.503786 	 952431 
29.504133 	 973705 
29.513529 	 802139 
29.513990 	 787470 
29.514454 	 952090 
29.514801 	 973348 
29.524195 	 802388 
29.524658 	 787470 
29.525120 	 952431 
29.525467 	 973348 
29.534863 	 802139 
29.535324 	 787470 
29.535786 	 952431 
29.536133 	 973705 
29.545528 	 802388 
29.545990 	 787710 
29.546453 	 952431 
29.546801 	 973348 
29.556194 	 802388 
29.556658 	 787470 
29.557119 	 952431 
29.557467 	 973705 
29.566862 	 802139 
29.567324 	 787470 
29.567787 	 952431 
29.568134 	 973348 
29.577528 	 802388 
29.577991 	 787470 
29.578453 	 952431 
29.578800 	 973348 
29.588196 	 802139 
29.588657 	 787470 
29.589119 	 952431 
29.589466 	 973705 
29.598862 	 802388 
29.599323 	 787710 
29.599787 	 952431 
29.600134 	 973348 
29.609528 	 802388 
29.609991 	 787470 
29.610453 	 952431 
29.610800 	 973705 
29.620195 	 802139 
29.620657 	 787470 
29.621120 	 952431 
29.621468 	 973348 
29.630861 	 802388 
29.631325 	 787470 
29.631786 	 952431 
29.632133 	 973348 
29.641529 	 802139 
29.641991 	 787470 
29.642452 	 952431 
29.642801 	 973348 
29.652195 	 802388 
29.652657 	 787710 
29.653120 	 952431 
29.653467 	 973348 
29.662861 	 802388 
29.663324 	 787470 
29.663786 	 952431 
29.664133 	 973705 
29.673529 	 802139 
29.673990 	 787710 
29.674454 	 952431 
29.674801 	 973348 
29.684195 	 802388 
29.684658 	 787470 
29.685120 	 952431 
29.685467 	 973348 
29.694862 	 802139 
29.695324 	 787470 
29.695786 	 952431 
29.696135 	 973348 
29.705528 	 802388 
29.705990 	 787710 
29.706453 	 952431 
29.706800 	 973348 
29.716194 	 802388 
29.716658 	 787470 
29.717119 	 952431 
29.717466 	 973705 
29.726862 	 802388 
29.727324 	 787710 
29.727787 	 952431 
29.728134 	 973348 
29.737528 	 802388 
29.737991 	 787470 
29.738453 	 952431 
29.738800 	 973348 
29.748196 	 802139 
29.748657 	 787470 
29.749121 	 952090 
29.749468 	 973348 
29.758862 	 802388 
29.759323 	 787710 
29.759787 	 952431 
29.760134 	 973348 
29.769527 	 802388 
29.769991 	 787470 
29.770452 	 952431 
29.770800 	 973705 
29.780195 	 802388 
29.780657 	 787710 
29.781120 	 952431 
29.781467 	 973348 
29.790861 	 802388 
29.791325 	 787470 
29.791786 	 952431 
29.792133 	 973348 
29.801529 	 802139 
29.801991 	 787470 
29.802454 	 952090 
29.802801 	 973348 
29.812195 	 802388 
29.812658 	 787470 
29.813120 	 952431 
29.813467 	 973348 
29.822861 	 802388 
29.823324 	 787470 
29.823786 	 952431 
29.824133 	 973705 
29.833529 	 802388 
29.833990 	 787710 
29.834454 	 952431 
29.834801 	 973348 
29.844194 	 802388 
29.844658 	 787470 
29.845119 	 952431 
29.845467 	 973348 
29.854862 	 802139 
29.855324 	 787470 
29.855787 	 952090 
29.856134 	 973348 
29.865528 	 802388 
29.865992 	 787470 
29.866453 	 952431 
29.866800 	 973348 
29.876196 	 802139 
29.876657 	 787470 
29.877119 	 952431 
29.877466 	 973705 
29.886862 	 802388 
29.887323 	 787710 
29.887787 	 952431 
29.888134 	 973348 
29.897528 	 802388 
29.897991 	 787470 
29.898453 	 952431 
29.898800 	 973705 
29.908195 	 802139 
29.908657 	 787470 
29.909121 	 952090 
29.909468 	 973348 
29.918861 	 802388 
29.919325 	 787470 
29.919786 	 952431 
29.920134 	 973348 
29.929529 	 802139 
29.929991 	 787470 
29.930452 	 952431 
29.930799 	 973705 
29.940195 	 802388 
29.940657 	 787710 
29.941120 	 952431 
29.941467 	 973348 
29.950861 	 802388 
29.951324 	 787470 
29.951786 	 952431 
29.952133 	 973705 
29.961529 	 802139 
29.961990 	 787470 
29.962454 	 952090 
29.962801 	 973348 
29.972195 	 802388 
29.972658 	 787470 
29.973120 	 952431 
29.973467 	 973348 
29.982862 	 802139 
29.983324 	 787470 
29.983786 	 952431 
29.984133 	 973705 
29.993528 	 802388 
29.993990 	 787710 
29.994453 	 952431 
29.994801 	 973348 
30.004194 	 802388 
30.004658 	 787470 
30.005119 	 952431 
30.005466 	 973705 
30.014862 	 802139 
30.015324 	 787470 
30.015787 	 952431 
30.016134 	 973348 
30.025528 	 802388 
30.025991 	 787470 
30.026453 	 952431 
30.026800 	 973348 
30.036196 	 802139 
30.036657 	 787470 
30.037119 	 952431 
30.037466 	 973705 
30.046862 	 802388 
30.047323 	 787710 
30.047787 	 952431 
30.048134 	 973348 
30.057528 	 802388 
30.057991 	 787470 
30.058453 	 952431 
30.058800 	 973705 
30.068195 	 802139 
30.068657 	 787710 
30.069120 	 952431 
30.069468 	 973348 
30.078861 	 802388 
30.079325 	 787470 
30.079786 	 952431 
30.080133 	 973348 
30.089529 	 802139 
30.089991 	 787470 
30.090452 	 952431 
30.090801 	 973348 
30.100195 	 802388 
30.100657 	 787710 
30.101120 	 952431 
30.101467 	 973348 
30.110861 	 802388 
30.111324 	 787470 
30.111786 	 952431 
30.112133 	 973705 
30.121529 	 802139 
30.121990 	 787710 
30.122454 	 952431 
30.122801 	 973348 
30.132195 	 802388 
30.132658 	 787470 
30.133120 	 952431 
30.133467 	 973348 
30.142862 	 802139 
30.143324 	 787470 
30.143787 	 952090 
30.144135 	 973348 
30.153528 	 802388 
30.153990 	 787710 
30.154453 	 952431 
30.154800 	 973348 
30.164194 	 802388 
30.164658 	 787470 
30.165119 	 952431 
30.165466 	 973705 
30.174862 	 802388 
30.175323 	 787710 
30.175787 	 952431 
30.176134 	 973348 
30.185528 	 802388 
30.185991 	 787470 
30.186453 	 952431 
30.186800 	 973348 
30.196196 	 802139 
30.196657 	 787470 
30.197121 	 952090 
30.197468 	 973348 
30.206861 	 802388 
30.207325 	 787470 
30.207787 	 952431 
30.208134 	 973348 
30.217527 	 802388 
30.217991 	 787470 
30.218452 	 952431 
30.218800 	 973705 
30.228195 	 802388 
30.228657 	 787710 
30.229120 	 952431 
30.229467 	 973348 
30.238861 	 802388 
30.239325 	 787470 
30.239786 	 952431 
30.240133 	 973348 
30.249529 	 802139 
30.249990 	 787470 
30.250454 	 952090 
30.250801 	 973348 
30.260195 	 802388 
30.260658 	 787470 
30.261120 	 952431 
30.261467 	 973348 
30.270863 	 802139 
30.271324 	 787470 
30.271786 	 952431 
30.272133 	 973705 
30.281528 	 802388 
30.281990 	 787710 
30.282454 	 952431 
30.282801 	 973348 
30.292194 	 802388 
30.292658 	 787470 
30.293119 	 952431 
30.293467 	 973348 
30.302862 	 802139 
30.303324 	 787470 
30.303787 	 952090 
30.304134 	 973348 
30.313528 	 802388 
30.313992 	 787470 
30.314453 	 952431 
30.314800 	 973348 
30.324196 	 802139 
30.324657 	 787470 
30.325119 	 952431 
30.325466 	 973705 
30.334862 	 802388 
30.335323 	 787710 
30.335787 	 952431 
30.336134 	 973348 
30.345528 	 802388 
30.345991 	 787470 
30.346453 	 952431 
30.346800 	 973705 
30.356195 	 802139 
30.356657 	 787470 
30.357121 	 952090 
30.357468 	 973348 
30.366861 	 802388 
30.367325 	 787470 
30.367786 	 952431 
30.368134 	 973348 
30.377529 	 802139 
30.377991 	 787470 
30.378452 	 952431 
30.378799 	 973705 
30.388195 	 802388 
30.388657 	 787710 
30.389120 	 952431 
30.389467 	 973348 
30.398861 	 802388 
30.399324 	 787470 
30.399786 	 952431 
30.400133 	 973705 
30.409529 	 802139 
30.409990 	 787470 
30.410454 	 952431 
30.410801 	 973348 
30.420195 	 802388 
30.420658 	 787470 
30.421120 	 952431 
30.421467 	 973348 
30.430862 	 802139 
30.431324 	 787470 
30.431786 	 952431 
30.432133 	 973705 
30.441528 	 802388 
30.441990 	 787710 
30.442453 	 952431 
30.442801 	 973348 
30.452194 	 802388 
30.452658 	 787470 
30.453119 	 952431 
30.453466 	 973705 
30.462862 	 802139 
30.463324 	 787470 
30.463787 	 952431 
30.464134 	 973348 
30.473528 	 802388 
30.473991 	 787470 
30.474453 	 952431 
30.474800 	 973348 
30.484196 	 802139 
30.484657 	 787470 
30.485119 	 952431 
30.485466 	 973705 
30.494862 	 802388 
30.495323 	 787710 
30.495787 	 952431 
30.496134 	 973348 
30.505527 	 802388 
30.505991 	 787470 
30.506453 	 952431 
30.506800 	 973705 
30.516195 	 802139 
30.516657 	 787710 
30.517120 	 952431 
30.517467 	 973348 
30.526861 	 802388 
30.527325 	 787470 
30.527786 	 952431 
30.528133 	 973348 
30.537529 	 802139 
30.537991 	 787470 
30.538452 	 952431 
30.538801 	 973348 
30.548195 	 802388 
30.548656 	 787710 
30.549120 	 952431 
30.549467 	 973348 
30.558861 	 802388 
30.559324 	 787470 
30.559786 	 952431 
30.560133 	 973705 
30.569529 	 802388 
30.569990 	 787710 
30.570454 	 952431 
30.570801 	 973348 
30.580194 	 802388 
30.580658 	 787470 
30.581120 	 952431 
30.581467 	 973348 
30.590862 	 802139 
30.591324 	 787470 
30.591787 	 952090 
30.592134 	 973348 
30.601528 	 802388 
30.601990 	 787710 
30.602453 	 952431 
30.602800 	 973348 
30.612194 	 802388 
30.612658 	 787470 
30.613119 	 952431 
30.613466 	 973705 
30.622862 	 802388 
30.623323 	 787710 
30.623787 	 952431 
30.624134 	 973348 
30.633528 	 802388 
30.633991 	 787470 
30.634453 	 952431 
30.634800 	 973348 
30.644196 	 802139 
30.644657 	 787470 
30.645121 	 952090 
30.645468 	 973348 
30.654861 	 802388 
30.655325 	 787470 
30.655787 	 952431 
30.656134 	 973348 
30.665527 	 802388 
30.665991 	 787470 
30.666452 	 952431 
30.666800 	 973705 
30.676195 	 802388 
30.676657 	 787710 
30.677120 	 952431 
30.677467 	 973348 
30.686861 	 802388 
30.687325 	 787470 
30.687786 	 952431 
30.688133 	 973348 
30.697529 	 802139 
30.697990 	 787470 
30.698454 	 952090 
30.698801 	 973348 
30.708195 	 802388 
30.708658 	 787470 
30.709120 	 952431 
30.709467 	 973348 
30.718863 	 802139 
30.719324 	 787470 
30.719786 	 952431 
30.720133 	 973705 
30.729528 	 802388 
30.729990 	 787710 
30.730453 	 952431 
30.730801 	 973348 
30.740194 	 802388 
30.740658 	 787470 
30.741119 	 952431 
30.741467 	 973348 
30.750862 	 802139 
30.751324 	 787470 
30.751787 	 952090 
30.752134 	 973348 
30.761528 	 802388 
30.761992 	 787470 
30.762453 	 952431 
30.762800 	 973348 
30.772196 	 802139 
30.772657 	 787470 
30.773119 	 952431 
30.773466 	 973705 
30.782862 	 802388 
30.783323 	 787710 
30.783787 	 952431 
30.784134 	 973348 
30.793528 	 802388 
30.793991 	 787470 
30.794453 	 952431 
30.794800 	 973705 
30.804195 	 802139 
30.804657 	 787470 
30.805120 	 952090 
30.805468 	 973348 
30.814861 	 802388 
30.815325 	 787470 
30.815786 	 952431 
30.816133 	 973348 
30.825529 	 802139 
30.825991 	 787470 
30.826452 	 952431 
30.826799 	 973705 
30.836195 	 802388 
30.836657 	 787710 
30.837120 	 952431 
30.837467 	 973348 
30.846861 	 802388 
30.847324 	 787470 
30.847786 	 952431 
30.848133 	 973705 
30.857529 	 802139 
30.857990 	 787470 
30.858454 	 952431 
30.858801 	 973348 
30.868195 	 802388 
30.868658 	 787470 
30.869120 	 952431 
30.869467 	 973348 
30.878862 	 802139 
30.879324 	 787470 
30.879786 	 952431 
30.880133 	 973705 
30.889528 	 802388 
30.889990 	 787710 
30.890453 	 952431 
30.890800 	 973348 
30.900194 	 802388 
30.900658 	 787470 
30.901119 	 952431 
30.901466 	 973705 
30.910862 	 802139 
30.911324 	 787470 
30.911787 	 952431 
30.912134 	 973348 
30.921528 	 802388 
30.921991 	 787470 
30.922453 	 952431 
30.922800 	 973348 
30.932196 	 802139 
30.932657 	 787470 
30.933119 	 952431 
30.933468 	 973348 
30.942862 	 802388 
30.943323 	 787710 
30.943787 	 952431 
30.944134 	 973348 
30.953527 	 802388 
30.953991 	 787470 
30.954453 	 952431 
30.954800 	 973705 
30.964195 	 802139 
30.964657 	 787710 
30.965120 	 952431 
30.965467 	 973348 
30.974861 	 802388 
30.975325 	 787470 
30.975786 	 952431 
30.976133 	 973348 
30.985529 	 802139 
30.985991 	 787470 
30.986454 	 952090 
30.986801 	 973348 
30.996195 	 802388 
30.996656 	 787710 
30.997120 	 952431 
30.997467 	 973348 
31.006861 	 802388 
31.007324 	 787470 
31.007786 	 952431 
31.008133 	 973705 
